b 0 337 535 536 372 371 336 65 67 54 537 335 342 339 341 456 458 453 387 385 539 367 457 541 455 73
c 372 369
c 54 374 381
c 537 338
c 342 343
c 456 540 247 333 340
c 458 542 454 63
c 453 452 451
c 387 390
c 385 393
c 539 395
c 367 538 391
c 457 394
b 1 478 471 473 476 81 83 82 88 80 79 78 14 13 12 121 111 87 484
c 476 481 477 480 474
c 80 475
c 79 472
c 13 11 114 95 96
c 121 112
c 484 77
b 2 148 139 140 135 138 127 131 19 150 129 145 146 18 149
c 140 20 147
c 135 136 156
c 127 137 141
c 131 133
c 129 206 134
c 145 151 128 181 175 500
c 146 143
b 3 503 504 509 525 518 517 516 519 186 531 495 521 533 532 522 493 506 520 496 490 510 489 485 511 507 165 514 501 488 512
c 509 491
c 525 508 492
c 516 515
c 495 213 204
c 521 523
c 532 524 529
c 522 528
c 493 530
c 520 205 208 29 207
c 496 144 526 527 494
c 490 125
c 510 513
c 489 486
c 485 502 499
c 511 505 498 170
c 165 161 176
c 488 487 194
c 512 497
b 4 201 202 184 183 196 198 189 185 197 26 200 36 260 253 311 310 309 298 312 254 40 244 246
c 183 195
c 189 220 450 216
c 185 188
c 26 199
c 200 191
c 36 250 245
c 260 37
c 253 259
c 309 306 44
c 312 308
c 254 248
c 40 258 243
c 246 249
