b 0 337 535 536 342 371 336 54 67 374 381 537 335 333 340 341 456 453 452 387 385 454 542 393 539 367 538 457 541 372
c 342 339
c 371 343
c 336 338
c 537 65
c 333 247
c 456 540
c 453 390
c 452 451
c 454 458
c 542 63
c 539 395
c 367 391
c 538 455
c 457 394
c 541 73
c 372 369
b 1 77 478 473 83 476 481 477 88 475 14 11 114 95 121 12 111 484 79 78
c 473 471
c 83 81
c 476 474
c 477 480
c 88 82
c 475 80
c 114 96
c 121 112
c 12 13
c 484 87
c 79 472
b 2 148 139 140 19 129 145 151
c 148 20 147 141
c 139 135 127 138
c 140 136 156
c 19 18 149
c 129 206 134 131 133 137
c 145 146 143 150
c 151 128 181 175 500
b 3 504 506 496 490 489 486 511 507 514 501 493 494 532 524 525 508 518 488
c 504 509
c 506 125
c 496 144 205
c 490 510
c 489 502 499
c 486 513 503
c 511 485 505 498 170
c 507 165
c 514 487
c 501 161 176
c 493 520 208 29 207
c 494 521 523 527 526
c 532 492 517 194 516 515
c 524 529 531 495 213 204
c 525 530 491
c 508 522 528 533
c 518 519 186
c 488 512 497
b 4 36 260 253 311 306 298 312 254 40 243 258 244 201 202 184 183 198 189 450 185 197 26 200 246
c 36 250
c 260 259
c 253 245
c 311 310
c 306 44
c 298 309
c 312 308
c 254 248
c 40 37
c 183 195
c 198 196
c 189 216
c 450 220
c 185 188
c 26 191
c 200 199
c 246 249
b 5 106 223 209 222 212 214 221 449 62 225 226 237 118 124 109 93 90 104 94 107 110
c 106 100 16 119 115 99
c 223 152 154 132 217
c 209 210
c 222 215 228 227 33
c 212 30 211 31 219
c 214 34 234 224 28
c 221 448
c 449 386
c 62 389
c 225 388
c 226 239 229 230 32 218
c 237 238 396
c 118 98 232
c 124 17 126 142
c 109 130
c 93 116 122 117 105
c 90 113
c 104 101
c 94 91 235 231 35 240
c 107 155 153
c 110 108 89 123
b 6 263 292 279 287 272 274 264 281 283 284 162 172 178 168 180 169 166 164 21 167 22 174 24 278 275
c 263 265
c 279 289
c 287 271
c 272 270
c 274 290
c 264 276
c 283 277
c 284 193
c 162 158
c 172 160
c 178 163
c 168 157
c 169 159
c 166 173
c 164 177
c 21 171
c 167 280
c 22 25
c 174 23
c 278 179
b 7 295 262 38 39 27 187 192 293 288 269 318 316 331 332 326 319 330 315
c 295 273
c 262 294
c 38 252 256 251
c 39 267 296 291
c 27 268 282 43
c 187 203 190 182 257 255
c 192 261
c 293 285
c 288 286
c 269 42 320
c 318 317
c 316 325 314 322
c 331 48
c 332 327 266 41
c 326 324
c 319 323 321 45
c 330 313 329 47
c 315 297
b 8 354 350 347 356 357 358 51 359 362 345 361 360 348 49 328 363 346 53 349 351 305 301 304 303 307 534 334 380 375 52
c 356 355
c 357 364
c 358 352
c 359 353
c 348 46
c 49 50
c 349 344
c 301 302
c 304 300
c 303 299
c 380 56
c 375 379
b 9 430 70 55 373 60 59 378 66 400 402 447 434 424 440 436 423 427 418 408 425 437 422
c 430 72 68
c 70 57
c 55 426
c 373 384
c 60 377 376 383 58
c 59 382
c 378 61
c 66 401
c 400 407
c 402 397
c 447 419
c 434 432 438
c 424 446 439 428
c 440 445
c 436 435 442 441
c 423 443
c 427 429
c 418 405
c 408 410
c 425 412
c 437 431
c 422 71
b 10 465 392 241 469 466 74 468 97 102 103 75 460 413 416 417 415 411 404 433 64 467 462 85 84 69
c 465 368
c 392 459
c 241 242
c 469 233
c 466 470
c 74 15
c 468 236
c 97 120
c 102 92
c 103 86 479
c 75 483
c 460 461
c 413 366 365 463
c 416 409
c 417 370
c 415 406
c 411 403 398
c 404 420
c 433 464
c 64 399
c 467 76
c 462 482
c 85 414
c 84 421
c 69 444
