b 0 341 540 453 387 451 452 390 385 539 367 538 372 371 336 65 54 374 537 342 343 340 333 456 458 542 541 73 337
c 453 454
c 385 393
c 539 395
c 367 457
c 538 391
c 372 369
c 336 338
c 54 67
c 374 381
c 537 335
c 342 339
c 340 536
c 456 247
c 542 63
c 541 455
c 73 394
c 337 535
b 1 77 471 473 474 481 477 476 81 83 82 88 80 475 478 472 79 78 13 12 121 112 11 96 114 95 111 87
c 477 480
c 78 14
c 111 484
b 2 181 149 146 206 129 145 18
c 181 175 500
c 149 148 20 147
c 146 143 151 128
c 206 134 131 133 127 138
c 129 137 135 136 156
c 145 150 19
c 18 139 141 140
b 3 497 489 511 498 165 514 194 516 508 525 491 520 496 125 504 492 531 521 533 528 207 526 29 513 512
c 497 510
c 489 486
c 511 507
c 498 170 505
c 165 176
c 514 161
c 194 518 519 186
c 516 515
c 508 517
c 525 530
c 491 488
c 520 506
c 496 144
c 125 490
c 504 509
c 492 503
c 531 213 208 205
c 521 204
c 533 532
c 528 522
c 207 493 524 529
c 526 523
c 29 494 527 495
c 513 485 502 499
c 512 501 487
b 4 36 250 260 311 310 309 306 44 37 312 254 40 243 201 202 26 200 196 198 189 185 220 450 216 197 246
c 250 245
c 260 253
c 311 248
c 309 298
c 312 308
c 254 259
c 40 244
c 243 258
c 202 184
c 26 191
c 200 199
c 196 195
c 198 183
c 185 188
c 246 249
b 5 91 234 34 388 449 222 211 28 219 152 109 130 17 116 108 100 123 115
c 91 235 35 210 214 212
c 234 386 229 230 209 221
c 34 225 226 237 238 396
c 388 239 224 30 215
c 449 448 62 227 33
c 222 389 232 98 93
c 211 228 110 101 155 153
c 28 132
c 219 218 31
c 152 217
c 109 126 142 154 32 223
c 130 124 94 90 113
c 17 107 106 122 105 117
c 116 104
c 108 89
c 100 16
c 123 119 99 118
c 115 231 240
b 6 178 164 21 167 22 174 169 159 163 179 160 172 284 283 265 264 278 274 287 279 276 275
c 178 25
c 164 177
c 21 171
c 167 24
c 22 280
c 174 23
c 169 173 166
c 159 168
c 163 180
c 179 158
c 160 157
c 172 162
c 284 193
c 283 277
c 265 289
c 264 292
c 278 270
c 274 290
c 287 272
c 279 271
c 276 281
c 275 263
b 7 326 324 331 332 316 323 318 293 285 41 282 187 190 182 267 39 38 257 256 255 330 262 295
c 326 319 325 314
c 324 47
c 331 322
c 332 48
c 316 317 327 266
c 323 321 45 269 42
c 318 320
c 293 286
c 285 288
c 41 43
c 282 268
c 187 192
c 190 203
c 182 27
c 267 296 291
c 39 261
c 38 313
c 257 297
c 256 251
c 255 252
c 330 329
c 262 273 294
c 295 315
b 8 354 52 357 353 359 49 50 348 345 360 302 534 305
c 354 358
c 52 350 347
c 357 364 352 356
c 353 355
c 359 51
c 49 328
c 50 53
c 348 46 362
c 345 344 349 363 346
c 360 361 351
c 302 301 303
c 534 56 380 375 379
c 305 299 300 304 307 334
b 9 430 431 422 70 55 373 378 401 407 400 402 408 418 66 57 382 58 60 437 447 434 424 441 445 446 428 436 423 427 72
c 430 71
c 431 425
c 70 384
c 55 426
c 373 412
c 378 61
c 400 397
c 408 410
c 418 405
c 57 376
c 382 383
c 58 377
c 60 59
c 447 438
c 434 419
c 424 432
c 441 442
c 445 440
c 446 439
c 428 429
c 423 443
c 427 435
c 72 68
b 10 465 74 470 236 242 392 469 461 460 417 416 366 365 15 102 86 483 85 399 415 411 398 404 433 69 467 462 76
c 465 466
c 74 468
c 470 97
c 236 120
c 242 241
c 392 459
c 469 233
c 461 103
c 460 413
c 417 368
c 416 406
c 366 370
c 365 463
c 102 92
c 86 479
c 483 482
c 85 84
c 399 464
c 415 420
c 411 409
c 398 403
c 404 64
c 433 444
c 69 421
c 462 414
c 76 75
