b 0 337 535 536 372 371 336 54 537 335 342 339 341 458 453 387 385 393 539 367 538 63 457 394 541 455 73
c 372 369
c 336 338
c 54 67 374 381
c 537 65
c 335 334
c 342 343
c 341 456 540 247
c 458 542 454
c 453 451 452
c 387 390
c 385 396
c 539 395
c 367 391
c 0 340
b 1 478 471 473 476 81 83 82 88 80 79 78 13 12 11 114 95 121 111 87 484
c 476 481 477 480 474
c 80 475
c 79 472
c 78 14
c 11 101
c 114 96
c 95 113
c 121 112
c 1 77
b 2 148 20 147 139 140 135 138 127 131 19 150 129 145 146 18 149
c 135 136
c 127 137 141
c 131 133
c 129 206 134
c 145 128 181 175 500
c 146 143
b 3 503 504 506 520 496 490 510 489 485 511 507 165 161 514 501 487 194 516 186 531 495 521 533 522 493 530 491
c 504 509
c 520 526 527 494 204 213
c 496 144 205 208 29 207
c 490 125
c 510 513
c 489 486 151
c 485 502 499
c 511 505 498 170
c 165 158
c 161 176
c 516 519
c 521 523
c 533 532 529 524 492
c 522 528
c 530 525 508 518 517
c 491 488 512
c 3 497
b 4 36 250 260 253 311 310 309 298 312 254 40 258 201 200 199 198 189 185 197 26 246
c 36 244
c 250 245
c 260 37
c 253 259
c 309 306 44 333
c 298 534
c 312 308
c 254 248
c 258 243
c 198 183 196 515 195
c 189 450 220
c 185 188
c 26 191 202 184
c 246 249
b 5 106 91 235 98 105 117 93 90 94 107 124 126 142 152 32 223 211 209 212 214 222 34 225 238 239 226 234 228
c 106 108 100 16 123 89
c 91 118
c 235 231 35 230
c 98 99 119 115
c 105 232
c 117 120
c 93 104 156 155 153 17
c 94 116 122
c 124 109 130
c 142 154 132
c 32 219 218 217 28
c 223 31
c 211 215
c 209 221 448 449
c 212 210
c 214 216
c 222 30
c 34 388 389 62 386
c 238 237
c 226 229 240
c 234 224
c 228 227 33
c 5 110
b 6 278 178 168 180 159 169 164 171 21 167 22 25 172 162 284 281 283 263 292 279 271 287 272 274 290 275
c 278 179
c 178 163
c 168 157
c 169 173 166
c 164 177
c 171 280
c 167 24
c 22 174 23
c 172 160
c 284 193
c 283 277 265 289
c 292 264 276
c 274 270
b 7 294 326 316 332 331 322 325 323 45 269 42 320 318 327 266 41 43 27 182 257 256 252 267 38 39 295 262
c 326 319 330 313 329 47
c 332 48
c 325 314
c 323 321
c 42 285 288 293 286
c 318 317 324 315 297 261
c 43 268 282
c 27 190 203 187 192
c 257 255 251
c 267 296 291
c 262 273
b 8 354 52 305 301 302 307 304 300 346 363 50 348 51 358 357 352 355 353 359 345 360 351
c 52 350 347
c 304 303 299
c 363 53
c 50 49 328
c 357 364 379 375 380 56
c 352 356
c 359 362 46
c 360 361 344 349
b 9 71 72 443 435 434 424 436 441 432 447 418 408 412 66 378 373 60 70 57 430 422
c 72 68
c 424 440 445 446 439
c 436 423 427 429 428
c 441 442
c 432 438
c 447 419
c 418 405
c 408 410
c 412 437 425
c 66 400 402 397 407
c 378 61 401
c 373 384
c 60 59
c 70 55 426
c 57 382 58 377 376 383
c 422 431
b 10 465 74 15 102 103 75 461 467 462 85 84 69 464 460 417 415 411 416 366 368 392 469 466
c 465 233
c 74 468 236 97
c 102 92
c 75 86 479
c 461 76
c 462 483 482
c 85 414
c 84 421
c 69 444
c 460 413 365 463
c 415 404 420 433 64 399
c 411 403 398 406
c 416 409
c 366 370
c 392 241 242 459
c 466 470
